0.057140
0.056943
0.056810
0.056742
0.056743
0.056816
0.056963
0.057188
0.057493
0.057882
0.058359
0.058925
0.059586
0.060345
0.061203
0.062168
0.063240
0.064425
0.065727
0.067149
0.068695
0.070372
0.072181
0.074127
0.076216
0.078453
0.080840
0.083383
0.086088
0.088958
0.092000
0.095218
0.098618
0.102204
0.105983
0.109958
0.114135
0.118522
0.123120
0.127940
0.132984
0.138257
0.143768
0.149521
0.155518
0.161771
0.168282
0.175057
0.182103
0.189422
0.197021
0.204908
0.213084
0.221558
0.230331
0.239410
0.248796
0.258499
0.268518
0.278860
0.289525
0.300515
0.311835
0.323486
0.335469
0.347783
0.360428
0.373402
0.386704
0.400331
0.414276
0.428539
0.443103
0.457966
0.473125
0.488552
0.504241
0.520172
0.536335
0.552705
0.569261
0.585979
0.602826
0.619782
0.636813
0.653891
0.670981
0.688049
0.705076
0.722016
0.738861
0.755587
0.772187
0.788665
0.805025
0.821318
0.837583
0.853905
0.870392
0.887205
0.904511
0.922548
0.941596
0.961981
0.984078
1.008333
1.035217
1.065245
1.098971
1.136961
1.179768
1.227906
1.281842
1.341918
1.408325
1.481080
1.559957
1.644470
1.733765
1.826664
1.921632
2.016723
2.109622
2.197767
2.278375
2.348580
2.405641
2.447185
2.471326
2.476977
2.463855
2.432534
2.384479
2.321775
2.246935
2.162706
2.071896
1.977172
1.880982
1.785461
1.692383
1.603150
1.518815
1.440081
1.367353
1.300763
1.240254
1.185582
1.136380
1.092224
1.052605
1.016998
0.984900
0.955813
0.929268
0.904844
0.882139
0.860817
0.840606
0.821236
0.802520
0.784272
0.766367
0.748710
0.731203
0.713809
0.696492
0.679220
0.661990
0.644809
0.627686
0.610637
0.593676
0.576830
0.560119
0.543565
0.527194
0.511029
0.495083
0.479381
0.463931
0.448761
0.433873
0.419282
0.405000
0.391032
0.377381
0.364058
0.351059
0.338394
0.326061
0.314058
0.302392
0.291055
0.280045
0.269364
0.259009
0.248971
0.239252
0.229849
0.220749
0.211958
0.203461
0.195261
0.187348
0.179718
0.172364
0.165283
0.158465
0.151906
0.145599
0.139541
0.133721
0.128136
0.122781
0.117648
0.112728
0.108021
0.103518
0.099212
0.095097
0.091171
0.087424
0.083853
0.080451
0.077213
0.074134
0.071209
0.068432
0.065799
0.063305
0.060944
0.058714
0.056608
0.054621
0.052752
0.050994
0.049343
0.047797
0.046351
0.045001
0.043743
0.042575
0.041492
0.040492
0.039570
0.038726
0.037953
0.037252
0.036617
0.036047
0.035539
0.035090
0.034699
0.034363
0.034079
