0.047180
0.047070
0.047019
0.047030
0.047105
0.047246
0.047457
0.047738
0.048096
0.048531
0.049047
0.049648
0.050337
0.051117
0.051991
0.052965
0.054040
0.055221
0.056513
0.057920
0.059445
0.061092
0.062869
0.064775
0.066819
0.069004
0.071335
0.073817
0.076454
0.079254
0.082219
0.085355
0.088669
0.092166
0.095849
0.099728
0.103806
0.108090
0.112586
0.117299
0.122237
0.127406
0.132812
0.138459
0.144359
0.150513
0.156932
0.163620
0.170583
0.177831
0.185364
0.193194
0.201326
0.209768
0.218519
0.227591
0.236985
0.246710
0.256766
0.267159
0.277894
0.288973
0.300399
0.312170
0.324294
0.336761
0.349579
0.362737
0.376246
0.390087
0.404262
0.418762
0.433579
0.448703
0.464126
0.479828
0.495801
0.512024
0.528476
0.545147
0.562001
0.579028
0.596192
0.613475
0.630841
0.648266
0.665720
0.683176
0.700611
0.717987
0.735293
0.752513
0.769645
0.786675
0.803621
0.820524
0.837410
0.854370
0.871491
0.888916
0.906801
0.925378
0.944892
0.965669
0.988075
1.012544
1.039550
1.069604
1.103266
1.141093
1.183655
1.231447
1.284930
1.344421
1.410100
1.481995
1.559871
1.643234
1.731306
1.822941
1.916684
2.010619
2.102538
2.189896
2.270009
2.340075
2.397460
2.439860
2.465457
2.473135
2.462476
2.433950
2.388781
2.328854
2.256591
2.174683
2.085926
1.992980
1.898314
1.804064
1.712021
1.623595
1.539851
1.461491
1.388960
1.322388
1.261720
1.206732
1.157070
1.112299
1.071923
1.035433
1.002350
0.972175
0.944482
0.918852
0.894929
0.872415
0.851044
0.830596
0.810875
0.791740
0.773069
0.754761
0.736747
0.718964
0.701377
0.683951
0.666668
0.649524
0.632505
0.615613
0.598864
0.582258
0.565815
0.549543
0.533459
0.517577
0.501908
0.486480
0.471294
0.456364
0.441712
0.427341
0.413268
0.399490
0.386022
0.372874
0.360041
0.347530
0.335347
0.323491
0.311961
0.300760
0.289885
0.279333
0.269102
0.259187
0.249589
0.240303
0.231321
0.222639
0.214251
0.206156
0.198347
0.190812
0.183555
0.176560
0.169830
0.163352
0.157123
0.151138
0.145386
0.139867
0.134571
0.129494
0.124629
0.119969
0.115513
0.111249
0.107175
0.103287
0.099575
0.096038
0.092669
0.089463
0.086415
0.083520
0.080775
0.078173
0.075710
0.073382
0.071185
0.069113
0.067164
0.065332
0.063614
0.062006
0.060505
0.059105
0.057804
0.056598
0.055483
0.054456
0.053514
0.052653
0.051870
0.051163
0.050528
0.049963
0.049463
0.049028
0.048654
0.048338
0.048080
0.047874
